Demands
-------

{1: 0, 2: 19, 3: 21, 4: 6, 5: 19, 6: 7, 7: 12, 8: 16, 9: 6, 10: 16, 11: 8, 12: 14, 13: 21, 14: 16, 15: 3, 16: 22, 17: 18, 18: 19, 19: 1, 20: 24, 21: 8, 22: 12, 23: 4, 24: 8, 25: 24, 26: 24, 27: 2, 28: 20, 29: 15, 30: 2, 31: 14, 32: 9}

Distance Matrix
---------------

            0           1           2          3          4           5   \
0     0.000000   34.928498   77.878110  75.584390  97.580736   54.571055   
1    34.928498    0.000000   60.307545  59.203040  90.873539   80.709355   
2    77.878110   60.307545    0.000000   3.162278  37.054015   86.585218   
3    75.584390   59.203040    3.162278   0.000000  36.013886   83.432608   
4    97.580736   90.873539   37.054015  36.013886   0.000000   83.546394   
5    54.571055   80.709355   86.585218  83.432608  83.546394    0.000000   
6    51.884487   40.496913   26.248809  23.769729  50.537115   65.741920   
7    37.054015   13.000000   48.083261  46.754679  77.878110   74.330344   
8    85.603738   84.403791   40.706265  38.483763  17.029386   66.708320   
9    88.141931   94.132885   58.821765  56.302753  33.837849   56.824291   
10   79.227520  100.463924   90.210864  87.132084  75.663730   26.925824   
11  101.414989   97.144223   45.276926  44.045431   8.544004   82.565126   
12   28.844410    8.246211   67.178866  65.855903  96.176920   78.294317   
13   51.039201   22.472205   39.446166  38.910153  73.246160   84.386018   
14   27.018512   38.078866   55.108983  52.392748  70.767224   43.863424   
15   81.743501   97.293371   77.466122  74.518454  59.228372   36.878178   
16   25.709920   10.630146   59.665736  58.051701  86.954011   70.178344   
17   74.545288   42.296572   41.109610  42.426407  78.160092  106.831643   
18   76.843998   77.929455   41.109610  38.418745  25.709920   57.870545   
19   73.824115   41.109610   43.046487  44.283180  80.099938  107.200746   
20   36.235342   67.208630   88.000000  85.005882  93.621579   21.377558   
21   64.031242   30.066593   48.836462  49.365980  85.287748  101.911727   
22   84.172442   91.021975   58.258047  55.605755  35.902646   52.773099   
23   78.032045   64.350602    8.944272   7.071068  29.068884   81.049368   
24   25.238859   39.357337   58.051701  55.317267  73.000000   41.868843   
25   75.960516  101.872469  100.722391  97.575612  90.088845   21.540659   
26   21.095023   19.416488   58.309519  56.302753  82.419658   61.294372   
27   25.961510   46.324939   64.381674  61.522354  76.026311   34.409301   
28   84.864598   78.549348   28.792360  26.925824  12.806248   74.242845   
29   62.289646   80.324343   71.589105  68.447060  63.387696   21.023796   
30   16.278821   19.416488   65.192024  63.245553  89.403579   63.063460   
31   72.780492   39.051248   48.000000  49.091751  85.023526  108.706026   

           6          7          8           9           10          11  \
0   51.884487  37.054015  85.603738   88.141931   79.227520  101.414989   
1   40.496913  13.000000  84.403791   94.132885  100.463924   97.144223   
2   26.248809  48.083261  40.706265   58.821765   90.210864   45.276926   
3   23.769729  46.754679  38.483763   56.302753   87.132084   44.045431   
4   50.537115  77.878110  17.029386   33.837849   75.663730    8.544004   
5   65.741920  74.330344  66.708320   56.824291   26.925824   82.565126   
6    0.000000  27.513633  44.407207   56.718604   75.690158   56.648036   
7   27.513633   0.000000  71.589105   82.000000   91.706052   84.154620   
8   44.407207  71.589105   0.000000   19.209373   59.033889   16.643317   
9   56.718604  82.000000  19.209373    0.000000   43.011626   29.154759   
10  75.690158  91.706052  59.033889   43.011626    0.000000   72.027772   
11  56.648036  84.154620  16.643317   29.154759   72.027772    0.000000   
12  45.650849  19.104973  88.543774   96.876210   99.624294  102.044108   
13  26.476405  14.000000  70.007142   83.186537   99.045444   80.411442   
14  29.154759  30.479501  58.600341   62.297673   62.393910   74.411021   
15  66.887966  86.977008  43.011626   26.019224   17.117243   55.145263   
16  36.619667  12.649111  78.771822   86.833173   90.476516   92.574294   
17  43.278170  37.656341  80.081209   96.384646  118.928550   86.371292   
18  39.051248  65.375837   9.433981   18.384776   52.497619   26.076810   
19  44.204072  37.107951  81.743501   97.862148  119.753914   88.277970   
20  63.505905  63.812225  77.826731   72.249567   48.270074   94.413982   
21  43.081318  28.653098  84.593144   99.201814  116.828935   93.085982   
22  54.341513  79.056942  20.124612    4.242641   40.049969   32.000000   
23  26.400758  51.613952  31.764760   50.000000   82.764727   37.013511   
24  32.140317  32.526912  60.440053   63.324561   61.351447   76.419893   
25  83.006024  94.810337  73.171033   58.420887   16.155494   87.091905   
26  33.301652  16.492423  72.917762   79.624117   81.596569   87.464278   
27  39.012818  40.360872  62.241465   62.649820   55.542776   78.644771   
28  38.078866  65.551506  12.727922   31.890437   69.921384   18.681542   
29  55.172457  71.112587  46.389654   35.846897   20.808652   61.846584   
30  40.360872  21.023796  79.605276   85.615419   84.899941   94.339811   
31  47.169906  36.769553  86.122006  101.843016  122.286549   93.134312   

            12          13         14          15         16          17  \
0    28.844410   51.039201  27.018512   81.743501  25.709920   74.545288   
1     8.246211   22.472205  38.078866   97.293371  10.630146   42.296572   
2    67.178866   39.446166  55.108983   77.466122  59.665736   41.109610   
3    65.855903   38.910153  52.392748   74.518454  58.051701   42.426407   
4    96.176920   73.246160  70.767224   59.228372  86.954011   78.160092   
5    78.294317   84.386018  43.863424   36.878178  70.178344  106.831643   
6    45.650849   26.476405  29.154759   66.887966  36.619667   43.278170   
7    19.104973   14.000000  30.479501   86.977008  12.649111   37.656341   
8    88.543774   70.007142  58.600341   43.011626  78.771822   80.081209   
9    96.876210   83.186537  62.297673   26.019224  86.833173   96.384646   
10   99.624294   99.045444  62.393910   17.117243  90.476516  118.928550   
11  102.044108   80.411442  74.411021   55.145263  92.574294   86.371292   
12    0.000000   30.413813  37.656341   97.867257  10.049876   50.487622   
13   30.413813    0.000000  41.048752   92.135769  26.305893   24.041631   
14   37.656341   41.048752   0.000000   60.299254  28.160256   64.412732   
15   97.867257   92.135769  60.299254    0.000000  88.119237  109.859001   
16   10.049876   26.305893  28.160256   88.119237   0.000000   49.091751   
17   50.487622   24.041631  64.412732  109.859001  49.091751    0.000000   
18   81.492331   65.375837  49.929951   37.589892  71.568149   78.000000   
19   49.254441   23.769729  64.498062  110.941426  48.259714    2.236068   
20   63.126856   76.026311  35.735137   56.435804  56.639209   99.809819   
21   38.000000   17.804494  58.258047  109.590146  38.327536   13.892444   
22   93.536089   80.808415  58.523500   23.345235  83.486526   94.847246   
23   70.604532   44.944410  53.488316   69.404611  62.289646   49.497475   
24   38.327536   43.566042   3.000000   60.074953  29.154759   67.082039   
25   99.729635  103.966341  64.404969   32.984845  91.416629  125.495020   
26   18.248288   30.265492  19.416488   79.630396   8.944272   54.129474   
27   44.384682   51.623638  10.770330   56.142675  35.846897   75.133215   
28   83.630138   61.814238  58.137767   54.626001  74.303432   69.231496   
29   80.049984   78.236820  42.449971   19.646883  70.604532   98.310732   
30   15.264338   35.014283  24.020824   84.148678   9.486833   58.309519   
31   47.000000   24.413111  65.459911  114.057003  47.074409    7.615773   

           18          19          20          21          22         23  \
0   76.843998   73.824115   36.235342   64.031242   84.172442  78.032045   
1   77.929455   41.109610   67.208630   30.066593   91.021975  64.350602   
2   41.109610   43.046487   88.000000   48.836462   58.258047   8.944272   
3   38.418745   44.283180   85.005882   49.365980   55.605755   7.071068   
4   25.709920   80.099938   93.621579   85.287748   35.902646  29.068884   
5   57.870545  107.200746   21.377558  101.911727   52.773099  81.049368   
6   39.051248   44.204072   63.505905   43.081318   54.341513  26.400758   
7   65.375837   37.107951   63.812225   28.653098   79.056942  51.613952   
8    9.433981   81.743501   77.826731   84.593144   20.124612  31.764760   
9   18.384776   97.862148   72.249567   99.201814    4.242641  50.000000   
10  52.497619  119.753914   48.270074  116.828935   40.049969  82.764727   
11  26.076810   88.277970   94.413982   93.085982   32.000000  37.013511   
12  81.492331   49.254441   63.126856   38.000000   93.536089  70.604532   
13  65.375837   23.769729   76.026311   17.804494   80.808415  44.944410   
14  49.929951   64.498062   35.735137   58.258047   58.523500  53.488316   
15  37.589892  110.941426   56.435804  109.590146   23.345235  69.404611   
16  71.568149   48.259714   56.639209   38.327536   83.486526  62.289646   
17  78.000000    2.236068   99.809819   13.892444   94.847246  49.497475   
18   0.000000   79.479557   68.425142   81.024688   17.204651  32.526912   
19  79.479557    0.000000   99.744674   12.083046   96.254870  51.351728   
20  68.425142   99.744674    0.000000   92.439169   68.014704  84.380092   
21  81.024688   12.083046   92.439169    0.000000   97.123633  56.222771   
22  17.204651   96.254870   68.014704   97.123633    0.000000  49.578221   
23  32.526912   51.351728   84.380092   56.222771   49.578221   0.000000   
24  51.613952   67.119297   32.893768   60.605280   59.464275  56.302753   
25  65.764732  126.063476   41.194660  121.696343   55.145263  93.984041   
26  65.192024   53.600373   48.414874   44.777226   76.118329  59.665736   
27  53.037722   75.179785   25.000000   68.600292   58.591808  61.846584   
28  17.464249   71.021124   82.540899   75.006666   32.449961  19.924859   
29  38.013156   99.085821   37.802116   96.020831   31.764760  64.845971   
30  71.693793   57.558666   48.104054   47.801674   82.000000  66.708320   
31  83.486526    5.385165  100.239713    9.000000  100.089960  56.142675   

           24          25         26         27         28          29  \
0   25.238859   75.960516  21.095023  25.961510  84.864598   62.289646   
1   39.357337  101.872469  19.416488  46.324939  78.549348   80.324343   
2   58.051701  100.722391  58.309519  64.381674  28.792360   71.589105   
3   55.317267   97.575612  56.302753  61.522354  26.925824   68.447060   
4   73.000000   90.088845  82.419658  76.026311  12.806248   63.387696   
5   41.868843   21.540659  61.294372  34.409301  74.242845   21.023796   
6   32.140317   83.006024  33.301652  39.012818  38.078866   55.172457   
7   32.526912   94.810337  16.492423  40.360872  65.551506   71.112587   
8   60.440053   73.171033  72.917762  62.241465  12.727922   46.389654   
9   63.324561   58.420887  79.624117  62.649820  31.890437   35.846897   
10  61.351447   16.155494  81.596569  55.542776  69.921384   20.808652   
11  76.419893   87.091905  87.464278  78.644771  18.681542   61.846584   
12  38.327536   99.729635  18.248288  44.384682  83.630138   80.049984   
13  43.566042  103.966341  30.265492  51.623638  61.814238   78.236820   
14   3.000000   64.404969  19.416488  10.770330  58.137767   42.449971   
15  60.074953   32.984845  79.630396  56.142675  54.626001   19.646883   
16  29.154759   91.416629   8.944272  35.846897  74.303432   70.604532   
17  67.082039  125.495020  54.129474  75.133215  69.231496   98.310732   
18  51.613952   65.764732  65.192024  53.037722  17.464249   38.013156   
19  67.119297  126.063476  53.600373  75.179785  71.021124   99.085821   
20  32.893768   41.194660  48.414874  25.000000  82.540899   37.802116   
21  60.605280  121.696343  44.777226  68.600292  75.006666   96.020831   
22  59.464275   55.145263  76.118329  58.591808  32.449961   31.764760   
23  56.302753   93.984041  59.665736  61.846584  19.924859   64.845971   
24   0.000000   62.681736  20.248457   8.062258  60.440053   41.773197   
25  62.681736    0.000000  82.492424  55.569776  83.186537   29.154759   
26  20.248457   82.492424   0.000000  26.925824  69.634761   61.846584   
27   8.062258   55.569776  26.925824   0.000000  63.812225   37.013511   
28  60.440053   83.186537  69.634761  63.812225   0.000000   55.081757   
29  41.773197   29.154759  61.846584  37.013511  55.081757    0.000000   
30  24.083189   84.528102   7.071068  29.410882  76.609399   65.764732   
31  67.955868  128.003906  53.141321  76.006579  75.663730  101.533246   

           30          31  
0   16.278821   72.780492  
1   19.416488   39.051248  
2   65.192024   48.000000  
3   63.245553   49.091751  
4   89.403579   85.023526  
5   63.063460  108.706026  
6   40.360872   47.169906  
7   21.023796   36.769553  
8   79.605276   86.122006  
9   85.615419  101.843016  
10  84.899941  122.286549  
11  94.339811   93.134312  
12  15.264338   47.000000  
13  35.014283   24.413111  
14  24.020824   65.459911  
15  84.148678  114.057003  
16   9.486833   47.074409  
17  58.309519    7.615773  
18  71.693793   83.486526  
19  57.558666    5.385165  
20  48.104054  100.239713  
21  47.801674    9.000000  
22  82.000000  100.089960  
23  66.708320   56.142675  
24  24.083189   67.955868  
25  84.528102  128.003906  
26   7.071068   53.141321  
27  29.410882   76.006579  
28  76.609399   75.663730  
29  65.764732  101.533246  
30   0.000000   56.515485  
31  56.515485    0.000000  